3 3 3 1
1
1 1 2 4 6
1 1 1.414 2 2.44949
1 1 10 10 8 9 7 6 8 9 7 6 7 8 30
2 2 5 5 4 5 5 5 5 5 5 5 5 5 2 
3 3 5 6 6 5 5 5 5 5 5 5 5 5 1
1 2 -0.4 0.4 2.25
1 3 -0.4 0.4 2.25
3 2 -0.4 0.4 2.25
0 0.01606128 0.041001412 0.064327101 0.087420068 0.109347257 0.129352584 0.14722297 0.163034641 0.17698669 0.189325965 0.200265999
0 0.200148258 0.244433583 0.276792016 0.300722657 0.317092728 0.327979029 0.335179108 0.339957615 0.343146223 0.345271269 0.34668966
1 0.783790462 0.714565005 0.658880882 0.611857275 0.573560015 0.542668387 0.517597922 0.497007744 0.479867087 0.465402765 0.453044341
0.66129 0.33871 0
0.215385 0.380769 0.234615
0.1 0.1 0.8